12345678901
98765432109
45678912345
78912345678
23456789012
67890123456
34567890123
89012345678
56789012345
01234567890
13579024681
24680135792
36912574803
48024691357
59136802468
60248013579
71359124680
82460235791
93571346802
04682457913
15793568024
26804679135
37915780246
48026891357
59137902468
60248013579
71359124680
82460235791
93571346802
04682457913
15793568024
26804679135
37915780246
48026891357
59137902468
12698745632
87451236987
96325874123
74185296374
85296374185
52963741852
63741852963
41852963741
18529637418
29637418529
36418529637
64185296374
18529637418
29637418529
36418529637
78945612378
45612378945
61237894561
23789456123
89456123789
56123789456
12378945612
37894561237
94561237894
61237894561
12346789543
46789543127
78954312678
95431267895
43126789543
26789543126
67895431267
89543126789
54312678954
31267895431
15975346820
59753468201
75346820159
34682015975
68201597534
20159753468
01597534682
97534682015
53468201597
46820159753
97531864208
53186420975
18642097531
64209753186
20975318642
09753186420
75318642097
31864209753
86420975318
42097531864
24681357902
68135790246
13579024681
57902468135
90246813579
02468135790
46813579024
81357902468
35790246813
79024681357
85296374185
29637418529
63741852963
74185296374
18529637418
52963741852
96374185296
37418529637
41852963741
18529637418
76543219876
54321987654
32198765432
19876543219
87654321987
65432198765
43219876543
21987654321
98765432198
76543219876
15973582640
97358264015
35826401597
82640159735
64015973582
01597358264
59735826401
73582640159
58264015973
26401597358
34567123490
56712349034
71234903456
23490345671
49034567123
03456712349
45671234903
67123490345
12349034567
34903456712
75319824630
31982463075
98246307531
24630753198
63075319824
07531982463
53198246307
19824630753
82463075319
46307531982
82917365048
91736504829
73650482917
65048291736
04829173650
82917365048
91736504829
73650482917
65048291736
04829173650
12983746508
98374650129
74650129837
65012983746
01298374650
29837465012
83746501298
74650129837
65012983746
01298374650
75940281637
94028163759
02816375940
81637594028
63759402816
75940281637
94028163759
02816375940
81637594028
63759402816
43856921074
85692107438
69210743856
21074385692
07438569210
43856921074
85692107438
69210743856
21074385692
07438569210
96728153407
72815340796
81534079672
53407967281
40796728153
07967281534
96728153407
72815340796
81534079672
53407967281
52847163905
84716390528
71639052847
63905284716
90528471639
05284716390
28471639052
47163905284
16390528471
39052847163
74285916302
28591630274
59163027428
16302742859
30274285916
02742859163
74285916302
28591630274
59163027428
16302742859
91058427316
05842731691
84273169105
27316910584
31691058427
69105842731
10584273169
58427316910
42731691058
73169105842
65394821750
39482175063
48217506539
21750639482
75063948217
06394821750
39482175063
48217506539
21750639482
75063948217
38519764023
51976402385
97640238519
64023851976
02385197640
38519764023
51976402385
97640238519
64023851976
02385197640
46173058291
17305829146
30582914617
58291461730
29146173058
14617305829
61730582914
73058291461
05829146173
82914617305
12476358940
47635894012
63589401247
58940124763
94012476358
01247635894
24763589401
76358940124
35894012476
89401247635
69834051726
83405172698
40517269834
51726983405
72698340517
69834051726
83405172698
40517269834
51726983405
72698340517
27591368404
59136840427
13684042759
68404275913
04427591368
42759136840
75913684042
91368404275
36840427591
84042759136
93087425610
08742561093
74256109308
25610930874
61093087425
09308742561
30874256109
87425610930
42561093087
56109308742
15624973810
62497381056
49738105624
73810562497
81056249738
05624973810
62497381056
49738105624
73810562497
81056249738
70341859267
34185926703
18592670341
59267034185
26703418592
67034185926
03418592670
41859267034
85926703418
92670341859
84570216395
57021639584
02163958457
63958457021
95845702163
58457021639
45702163958
70216395845
21639584570
16395845702
51738624909
73862490951
86249095173
24909517386
90951738624
09517386249
51738624909
73862490951
86249095173
24909517386
62048375119
04837511962
83751196204
75119620483
19620483751
96204837511
20483751196
48375119620
37511962048
51196204837
43917582600
91758260043
75826004391
82600439175
60043917582
04391758260
39175826004
17582600439
58260043917
26004391758
76284135907
28413590762
41359076284
35907628413
90762841359
07628413590
62841359076
84135907628
13590762841
59076284135
19756480231
75648023195
64802319756
80231975648
23195764802
19756480231
75648023195
64802319756
80231975648
23195764802
35420187639
42018763954
01876395420
87639542018
63954201876
95420187639
42018763954
01876395420
87639542018
63954201876
68103792458
10379245681
37924568103
92458610379
45861037924
86103792458
10379245681
37924568103
92458610379
45861037924
81629054376
62905437681
90543768162
54376816290
37681629054
76816290543
81629054376
62905437681
90543768162
54376816290
54871692030
87169203054
69203054871
20305487169
03054871692
05487169203
48716920305
71692030548
69203054871
20305487169
27495863012
49586301274
58630127495
63012749586
01274958630
27495863012
49586301274
58630127495
63012749586
01274958630
90158327640
15832764901
83276490158
27649015832
64901583276
49015832764
01583276490
58327649015
32764901583
76490158327
73642015890
64201589073
20158907364
15890736420
89073642015
07364201589
36420158907
42015890736
01589073642
58907364201
46785129308
78512930846
51293084678
29308467851
30846785129
08467851293
46785129308
78512930846
51293084678
29308467851
17039856421
03985642170
98564217039
56421703985
42170398564
17039856421
03985642170
98564217039
56421703985
42170398564
82376490158
76490158237
49015823764
01582376490
58237649015
23764901582
76490158237
49015823764
01582376490
58237649015
59428061735
42806173594
80617359428
61735942806
73594280617
59428061735
42806173594
80617359428
61735942806
73594280617
94572618043
57261804395
26180439457
18043945726
04394572618
39457261804
45726180439
72618043945
61804394572
80439457261
21807539642
80753964218
75396421807
39642180753
64218075396
21807539642
80753964218
75396421807
39642180753
64218075396
68920174358
92017435689
01743568920
74356892017
35689201743
68920174358
92017435689
01743568920
74356892017
35689201743
15384029671
38402967153
40296715384
29671538402
67153840296
15384029671
38402967153
40296715384
29671538402
67153840296
47601853927
60185392747
18539274760
53927476018
92747601853
74760185392
60185392747
18539274760
53927476018
92747601853
83025641790
02564179083
56417908302
41790830256
79083025641
08302564179
30256417908
25641790830
64179083025
17908302564
30742816950
74281695037
28169503074
16950307428
95030742816
03074281695
74281695037
28169503074
16950307428
95030742816
56198304721
19830472156
83047215619
04721561983
72156198304
15619830472
61983047215
98304721561
30472156198
47215619830
12653748092
65374809126
37480912653
48091265374
09126537480
12653748092
65374809126
37480912653
48091265374
09126537480
89407362518
40736251894
73625189407
62518940736
51894073625
18940736251
94073625189
07362518940
36251894073
25189407362
75129486301
12948630175
94863017512
86301751294
30175129486
17512948630
51294863017
29486301751
48630175129
63017512948
43856970214
85697021438
69702143856
70214385697
21438569702
43856970214
85697021438
69702143856
70214385697
21438569702
96180427539
18042753961
04275396180
27539618042
53961804275
96180427539
18042753961
04275396180
27539618042
53961804275
62571084369
57108436925
10843692571
84369257108
36925710843
92571084369
57108436925
10843692571
84369257108
36925710843
38794652017
79465201738
46520173879
52017387946
01738794652
73879465201
87946520173
94652017387
65201738794
20173879465
24013879654
01387965424
38796542401
79654240138
65424013879
42401387965
40138796542
13879654240
87965424013
96542401387
70528316941
52831694070
83169407052
16940705283
94070528316
07052831694
52831694070
83169407052
16940705283
94070528316
15967428301
96742830159
74283015967
28301596742
30159674283
15967428301
96742830159
74283015967
28301596742
30159674283
48250937168
25093716482
09371648250
71648250937
64825093716
48250937168
25093716482
09371648250
71648250937
64825093716
83617504920
61750492083
75049208361
04920836175
92083617504
08361750492
36175049208
17504920836
50492083617
49208361750
57294610837
29461083752
46108375729
10837572946
83752946108
52946108375
94610837529
61083752946
08375729461
37529461083
60718953240
71895324067
89532406071
53240607189
24060718953
06071895324
71895324067
89532406071
53240607189
24060718953
12409578361
40957836124
95783612409
78361240957
36124095783
12409578361
40957836124
95783612409
78361240957
36124095783
75146028397
14602839751
60283975146
28397514602
39751460283
75146028397
14602839751
60283975146
28397514602
39751460283
90387162540
38716254098
71625409038
62540903871
54090387162
09038716254
38716254098
71625409038
62540903871
54090387162
53820469175
82046917538
04691753820
91753820469
75382046917
53820469175
82046917538
04691753820
91753820469
75382046917
26574018932
57401893265
40189326574
18932657401
93265740189
26574018932
57401893265
40189326574
18932657401
93265740189
48739152608
73915260847
91526084739
52608473915
60847391526
48739152608
73915260847
91526084739
52608473915
60847391526
61925837401
92583740619
58374061925
74061925837
06192583740
61925837401
92583740619
58374061925
74061925837
06192583740
35068471290
06847129035
84712903506
71290350684
29035068471
03506847129
50684712903
68471290350
47129035068
12903506847
87451926308
45192630874
19263087451
26308745192
30874519263
87451926308
45192630874
19263087451
26308745192
30874519263
70682049135
68204913570
20491357068
49135706820
35706820491
70682049135
68204913570
20491357068
49135706820
35706820491
24509783461
50978346124
97834612450
34612450978
61245097834
24509783461
50978346124
97834612450
34612450978
61245097834
93127654081
12765408193
76540819312
54081931276
08193127654
93127654081
12765408193
76540819312
54081931276
08193127654
58340627190
34062719058
06271905834
27190583406
19058340627
58340627190
34062719058
06271905834
27190583406
19058340627
16754903282
75490328167
49032816754
03281675490
28167549032
16754903282
75490328167
49032816754
03281675490
28167549032
42068157439
06815743942
81574394206
57439420681
43942068157
42068157439
06815743942
81574394206
57439420681
43942068157
89213074658
21307465892
30746589213
74658921307
65892130746
89213074658
21307465892
30746589213
74658921307
65892130746
65829401738
82940173865
94017386582
01738658294
73865829401
65829401738
82940173865
94017386582
01738658294
73865829401
37185624093
18562409371
56240937185
24093718562
09371856240
37185624093
18562409371
56240937185
24093718562
09371856240
51476038920
47603892051
60389205147
38920514760
92051476038
51476038920
47603892051
60389205147
38920514760
92051476038
74932681504
93268150479
26815047493
81504749326
50474932681
74932681504
93268150479
26815047493
81504749326
50474932681
20658473192
65847319206
84731920658
73192065847
19206584731
20658473192
65847319206
84731920658
73192065847
19206584731
96107328540
10732854096
73285409610
28540961073
54096107328
96107328540
10732854096
73285409610
28540961073
54096107328
83945261708
94526170839
52617083945
61708394526
70839452617
83945261708
94526170839
52617083945
61708394526
70839452617
47821093654
82109365478
10936547821
93654782109
65478210936
47821093654
82109365478
10936547821
93654782109
65478210936
19573846205
57384620519
38462051957
46205195738
20519573846
19573846205
57384620519
38462051957
46205195738
20519573846
62094758130
09475813062
75813062094
81306209475
30620947581
62094758130
09475813062
75813062094
81306209475
30620947581
35748102967
74810296735
81029673574
02967357481
96735748102
35748102967
74810296735
81029673574
02967357481
96735748102
58201639474
20163947458
16394745820
39474582016
74582016394
58201639474
20163947458
16394745820
39474582016
74582016394
04967251803
96725180496
72518049679
51804967251
80496725180
04967251803
96725180496
72518049679
51804967251
80496725180
71630428159
63042815971
04281597163
28159716304
15971630428
71630428159
63042815971
04281597163
28159716304
15971630428
28519074362
51907436285
90743628519
74362851907
36285190743
28519074362
51907436285
90743628519
74362851907
36285190743
45374691028
37469102845
46910284537
91028453746
02845374691
45374691028
37469102845
46910284537
91028453746
02845374691
90186532704
18653270491
65327049018
32704901865
70490186532
90186532704
18653270491
65327049018
32704901865
70490186532
67042815396
04281539670
28153967042
15396704281
39670428153
67042815396
04281539670
28153967042
15396704281
39670428153
13758462019
75846201937
84620193758
62019375846
01937584620
13758462019
75846201937
84620193758
62019375846
01937584620
52319047685
31904768523
90476852319
47685231904
68523190476
52319047685
31904768523
90476852319
47685231904
68523190476
86407193258
40719325864
71932586407
93258640719
58640719325
86407193258
40719325864
71932586407
93258640719
58640719325
29871406532
87140653298
14065329871
06532987140
53298714065
29871406532
87140653298
14065329871
06532987140
53298714065
74625381907
62538190746
53819074625
81907462538
90746253819
74625381907
62538190746
53819074625
81907462538
90746253819
41083759264
08375926410
37592641083
59264108375
26410837592
41083759264
08375926410
37592641083
59264108375
26410837592
95246017834
24601783952
60178395246
17839524601
83952460178
95246017834
24601783952
60178395246
17839524601
83952460178
68518034792
51803479268
80347926851
34792685180
79268518034
68518034792
51803479268
80347926851
34792685180
79268518034
12657904381
65790438126
79043812657
04381265790
38126579043
12657904381
65790438126
79043812657
04381265790
38126579043
37294610875
29461087537
46108753729
10875372946
87537294610
37294610875
29461087537
46108753729
10875372946
87537294610
50832467193
83246719508
24671950832
67195083246
95083246719
50832467193
83246719508
24671950832
67195083246
95083246719
73069518247
06951824730
95182473069
18247306951
24730695182
73069518247
06951824730
95182473069
18247306951
24730695182
84720395164
72039516487
03951648472
95164847203
16487203951
84720395164
72039516487
03951648472
95164847203
16487203951
19485370621
48537062194
53706219485
70621948537
62194853706
19485370621
48537062194
53706219485
70621948537
62194853706
65201847390
20184739652
18473965201
47396520184
39652018473
65201847390
20184739652
18473965201
47396520184
39652018473
02736458179
73645817902
64581790273
58179027364
17902736458
02736458179
73645817902
64581790273
58179027364
17902736458
48390172635
39017263548
01726354839
72635483901
63548390172
48390172635
39017263548
01726354839
72635483901
63548390172
91654028317
65402831796
40283179165
28317916540
31791654028
91654028317
65402831796
40283179165
28317916540
31791654028
56827340192
82734019568
73401956827
40195682734
19568273401
56827340192
82734019568
73401956827
40195682734
19568273401
23918765043
91876504239
87650423918
65043239187
04323918765
23918765043
91876504239
87650423918
65043239187
04323918765
70465891230
46589123070
58912307046
91230704658
23070465891
70465891230
46589123070
58912307046
91230704658
23070465891
15304627981
30462798153
46279815304
27981530462
98153046279
15304627981
30462798153
46279815304
27981530462
98153046279
87641029536
64102953876
10295387641
29536876410
53687641029
87641029536
64102953876
10295387641
29536876410
53687641029
42075318604
07531860420
31860420753
86042075318
04207531860
42075318604
07531860420
31860420753
86042075318
04207531860
98720653140
72065314098
65314098720
31409872065
40987206531
98720653140
72065314098
65314098720
31409872065
40987206531
64158279043
15827904364
82790436415
79043641582
04364158279
64158279043
15827904364
82790436415
79043641582
04364158279
30594816720
59481672305
81672305948
67230594816
23059481672
30594816720
59481672305
81672305948
67230594816
23059481672
73926041587
92604158739
60415873926
41587392604
58739260415
73926041587
92604158739
60415873926
41587392604
58739260415
56280497131
28049713156
04971315628
97131562804
13156280497
56280497131
28049713156
04971315628
97131562804
13156280497
47813025694
81302569478
30256947813
25694781302
69478130256
47813025694
81302569478
30256947813
25694781302
69478130256
19537648201
53764820195
76482019537
48201953764
20195376482
19537648201
53764820195
76482019537
48201953764
20195376482
82604357190
60435719082
43571908260
57190826043
19082604357
82604357190
60435719082
43571908260
57190826043
19082604357
05728190463
72819046357
81904635072
90463507281
46350728190
05728190463
72819046357
81904635072
90463507281
46350728190
38179526840
17952684038
95268403817
26840381795
84038179526
38179526840
17952684038
95268403817
26840381795
84038179526
61045283719
04528371960
52837196104
83719610452
71961045283
61045283719
04528371960
52837196104
83719610452
71961045283
94361807254
36180725493
18072549436
07254943618
25494361807
94361807254
36180725493
18072549436
07254943618
25494361807
27596130487
59613048275
61304827596
30482759613
48275961304
27596130487
59613048275
61304827596
30482759613
48275961304
50827463190
82746319058
74631905082
63190508274
19050827463
50827463190
82746319058
74631905082
63190508274
19050827463
73104892756
10489275631
48927563104
92756310489
56310489275
73104892756
10489275631
48927563104
92756310489
56310489275
86453701928
45370192864
37019286453
01928645370
92864537019
86453701928
45370192864
37019286453
01928645370
92864537019
12980754362
98075436219
07543621298
54362129807
36212980754
12980754362
98075436219
07543621298
54362129807
36212980754
65318042907
31804290653
80429065318
42906531804
90653180429
65318042907
31804290653
80429065318
42906531804
90653180429
49076521843
07652184309
65218430907
21843090765
84309076521
49076521843
07652184309
65218430907
21843090765
84309076521
34215978601
21597860342
59786034215
78603421597
60342159786
34215978601
21597860342
59786034215
78603421597
60342159786
87740193265
74019326587
01932658774
93265877401
26587740193
87740193265
74019326587
01932658774
93265877401
26587740193
03481725960
48172596034
17259603481
25960348172
96034817259
03481725960
48172596034
17259603481
25960348172
96034817259
71926504837
92650483719
65048371926
04837192650
83719265048
71926504837
92650483719
65048371926
04837192650
83719265048
58103469271
10346927158
34692715810
69271581034
27158103469
58103469271
10346927158
34692715810
69271581034
27158103469
20674835129
67483512906
48351290267
35129067483
12906748351
20674835129
67483512906
48351290267
35129067483
12906748351
95218370640
21837064095
83706409521
70640952183
64095218370
95218370640
21837064095
83706409521
70640952183
64095218370
46759128304
75912830467
91283046759
28304675912
30467591283
46759128304
75912830467
91283046759
28304675912
30467591283
13542067958
54206795813
20679581354
67958135420
95813542067
13542067958
54206795813
20679581354
67958135420
95813542067
80397264518
39726451803
72645180397
64518039726
51803972645
80397264518
39726451803
72645180397
64518039726
51803972645
67024851396
02485139670
48513967024
51396702485
39670248513
67024851396
02485139670
48513967024
51396702485
39670248513
29658317042
65831704296
83170429658
17042965831
04296583170
29658317042
65831704296
83170429658
17042965831
04296583170
54971602873
97160287349
16028734597
02873459716
87349716028
73459716028
45971602873
97160287349
16028734597
02873459716
34597160287
59716028734
71602873459
60287345971
41803572694
80357269418
35726941803
72694180357
69418035726
41803572694
80357269418
35726941803
72694180357
69418035726
18652743901
65274390186
27439018652
43901865274
90186527439
18652743901
65274390186
27439018652
43901865274
90186527439
75194063827
19406382751
40638275194
63827519406
82751940638
75194063827
19406382751
40638275194
63827519406
82751940638
92567801345
56780134925
78013492567
01349256780
34925678013
92567801345
56780134925
78013492567
01349256780
34925678013
39821456780
82145678039
14567803982
56780398214
78039821456
39821456780
82145678039
14567803982
56780398214
78039821456
63048297151
04829715630
82971563048
97156304829
15630482971
63048297151
04829715630
82971563048
97156304829
15630482971
50283714906
28371490502
37149050283
14905028371
90502837149
50283714906
28371490502
37149050283
14905028371
90502837149
17604829358
60482935817
48293581760
29358176048
35817604829
17604829358
60482935817
48293581760
29358176048
35817604829
84750163929
75016392847
01639284750
63928475016
92847501639
84750163929
75016392847
01639284750
63928475016
92847501639
26198405731
19840573126
84057312619
05731261984
73126198405
26198405731
19840573126
84057312619
05731261984
73126198405
41362789405
36278940513
27894051362
89405136278
05136278940
41362789405
36278940513
27894051362
89405136278
05136278940
68907351248
90735124689
73512468907
51246890735
24689073512
68907351248
90735124689
73512468907
51246890735
24689073512
05471896230
47189623054
18962305471
96230547189
23054718962
05471896230
47189623054
18962305471
96230547189
23054718962
72835640917
83564091728
56409172835
40917283564
91728356409
72835640917
83564091728
56409172835
40917283564
91728356409
59170428363
17042836359
04283635917
28363591704
36359170428
59170428363
17042836359
04283635917
28363591704
36359170428
31624907158
62490715831
49071583162
07158316249
15831624907
31624907158
62490715831
49071583162
07158316249
15831624907
86493057241
49305724186
30572418649
57241864930
24186493057
86493057241
49305724186
30572418649
57241864930
24186493057
43057816295
05781629543
78162954305
16295430578
29543057816
43057816295
05781629543
78162954305
16295430578
29543057816
70914285637
91428563709
28563709142
56370914285
37091428563
70914285637
91428563709
28563709142
56370914285
37091428563
14760523891
76052389147
05238914760
23891476052
89147605238
14760523891
76052389147
05238914760
23891476052
89147605238
95238614073
23861407395
86140739523
14073952386
07395238614
95238614073
23861407395
86140739523
14073952386
07395238614
62407395182
40739518264
73951826240
95182624073
18264073951
62407395182
40739518264
73951826240
95182624073
18264073951
58031496720
03149672058
49672058031
67205803149
20580314967
58031496720
03149672058
49672058031
67205803149
20580314967
39625174830
62517483096
51748309625
74830962517
83096251748
39625174830
62517483096
51748309625
74830962517
83096251748
16783450291
78345029167
34502916783
50291678345
29167834502
16783450291
78345029167
34502916783
50291678345
29167834502
74109823650
10982365074
98236507410
23650741098
65074109823
74109823650
10982365074
98236507410
23650741098
65074109823
51426078319
42607831951
60783195142
78319514260
31951426078
51426078319
42607831951
60783195142
78319514260
31951426078
27840519637
84051963728
05196372784
96372784051
37278405196
27840519637
84051963728
05196372784
96372784051
37278405196
96105437820
10543782096
54378209610
37820961054
82096105437
96105437820
10543782096
54378209610
37820961054
82096105437
13957286401
95728640139
72864013957
86401395728
01395728640
13957286401
95728640139
72864013957
86401395728
01395728640
80274195638
27419563802
41956380274
95638027419
63802741956
80274195638
27419563802
41956380274
95638027419
63802741956
45690138572
69013857245
13857245690
85724569013
72456901385
45690138572
69013857245
13857245690
85724569013
72456901385
62138574906
13857490621
85749062138
74906213857
90621385749
62138574906
13857490621
85749062138
74906213857
90621385749
38572406917
57240691385
24069138572
06913857240
91385724069
38572406917
57240691385
24069138572
06913857240
91385724069
07496285130
49628513074
62851307496
85130749628
13074962851
07496285130
49628513074
62851307496
85130749628
13074962851
74051832967
05183296740
18329674051
32967405183
96740518329
74051832967
05183296740
18329674051
32967405183
96740518329
91824076350
82407635091
40763509182
76350918240
35091824076
91824076350
82407635091
40763509182
76350918240
35091824076
28613954072
61395407286
39540728613
54072861395
07286139540
28613954072
61395407286
39540728613
54072861395
07286139540
55349078216
34907821655
90782165534
78216553490
21655349078
55349078216
34907821655
90782165534
78216553490
21655349078
16087234591
08723459160
72345916087
34591608723
59160872345
16087234591
08723459160
72345916087
34591608723
59160872345
43721086594
72108659437
10865943721
86594372108
59437210865
43721086594
72108659437
10865943721
86594372108
59437210865
85064371259
06437125850
43712585064
71258506437
25850643712
85064371259
06437125850
43712585064
71258506437
25850643712
62195048738
19504873621
50487362195
48736219504
73621950487
62195048738
19504873621
50487362195
48736219504
73621950487
39850762410
85076241398
07624139850
62413985076
41398507624
39850762410
85076241398
07624139850
62413985076
41398507624
70439152867
43915286704
91528670439
52867043915
86704391528
70439152867
43915286704
91528670439
52867043915
86704391528
57162809435
16280943571
28094357162
09435716280
35716280943
57162809435
16280943571
28094357162
09435716280
35716280943
94507186320
50718632094
71863209450
86320945071
32094507186
94507186320
50718632094
71863209450
86320945071
32094507186
21876450398
87645039821
64503982187
50398218764
39821876450
21876450398
87645039821
64503982187
50398218764
39821876450
48320176954
32017695483
01769548320
69548320176
54832017695
48320176954
32017695483
01769548320
69548320176
54832017695
85971423068
97142306859
42306859714
30685971423
68597142306
85971423068
97142306859
42306859714
30685971423
68597142306
16459780234
45978023416
97802341645
02341645978
34164597802
16459780234
45978023416
97802341645
02341645978
34164597802
73204158679
20415867932
41586793204
58679320415
67932041586
73204158679
20415867932
41586793204
58679320415
67932041586
90536274189
53627418905
62741890536
74189053627
18905362741
90536274189
53627418905
62741890536
74189053627
18905362741
37891065254
89106525378
10652537891
65253789106
25378910652
37891065254
89106525378
10652537891
65253789106
25378910652
62478901356
47890135624
89013562478
01356247890
35624789013
62478901356
47890135624
89013562478
01356247890
35624789013
08517639240
51763924085
76392408517
39240851763
24085176392
08517639240
51763924085
76392408517
39240851763
24085176392
